10,11
10,117
10,73
10,215
10,209
10,231
10,247
10,295
10,2
10,3
11,5
11,7
11,17
11,2
11,3
9,5
9,1
47,4
47,3
47,2
9,7
47,1
47,0
46,3
46,2
8,4
8,11
8,7
46,1
46,0
45,3
45,2
45,1
45,0
44,5
44,4
44,3
44,2
44,1
44,0
43,4
43,3
43,2
43,1
43,0
41,5
41,4
41,3
41,2
41,1
41,0
38,5
38,4
38,3
38,2
38,1
38,0
36,5
36,4
36,3
36,2
36,1
36,0
34,5
34,4
34,3
34,2
34,1
34,0
32,4
32,3
32,2
32,1
27,3
27,1
24,3
24,1
20,3
20,2
20,1
19,3
19,2
19,1
17,3
17,2
17,1
16,3
16,2
16,1
15,3
15,2
15,1
12,3
12,2
12,1
11,29
11,28
11,27
11,26
11,25
11,24
11,23
11,22
11,21
11,20
11,19
11,18
11,15
